Иван +7 123 456 7890
Алексей +7 987 654 3210
Мария +7 456 789 0123
Екатерина +7 321 098 7654
Александра +7 654 321 0987
Дмитрий +7 890 123 4567
Ольга +7 210 987 6543
Евгений +7 567 890 1234
Наталья +7 432 109 8765
Сергей +7 789 012 3456
Анна +7 567 890 4321
Андрей +7 210 987 6543
Олег +7 876 543 2109
Юлия +7 543 210 9876
Татьяна +7 890 123 4567
Владимир +7 987 654 3210
Елена +7 456 789 0123
Анастасия +7 321 098 7654
Максим +7 654 321 0987
Ирина +7 890 123 4567
Павел +7 210 987 6543
Ксения +7 567 890 1234
Артем +7 432 109 8765
Елизавета +7 789 012 3456
Александр +7 567 890 4321
Дарья +7 210 987 6543
Денис +7 876 543 2109
Антон +7 543 210 9876
Марина +7 890 123 4567
Виктор +7 987 654 3210
Алиса +7 456 789 0123
Глеб +7 321 098 7654
Алена +7 654 321 0987
Игорь +7 890 123 4567
Елена +7 210 987 6543
Анна +7 567 890 1234
Михаил +7 432 109 8765
Кристина +7 789 012 3456
Сергей +7 567 890 4321
Вера +7 210 987 6543
Роман +7 876 543 2109
Юлия +7 543 210 9876
Андрей +7 890 123 4567
Ольга +7 987 654 3210
Дмитрий +7 456 789 0123
Екатерина +7 321 098 7654
Алексей +7 654 321 0987
Мария +7 890 123 4567
Николай +7 210 987 6543
Екатерина +7 567 890 1234